-98861
775690
-694146
862279
-140852
107124
-626812
547907
-330280
331891
-2142
-121051
-825615
-931458
-983839
644023
554175
-725024
162758
-199434
825327
-952953
-702335
-134577
-739612
-803356
22105
230693
-935414
694342
-287468
-831511
246129
-426662
-892583
463378
598603
349580
-115361
636416
178172
488342
-597740
348995
-228101
885113
-424265
-113835
617269
751590
-5871
-828210
-77236
202502
-283768
170832
-473530
995532
-903057
758674
-909105
-694858
-384918
-152928
102554
-814339
-173141
759358
650923
-843992
894631
-398001
290840
866332
-678079
-130394
849042
4549
364031
-429722
514808
904917
-937165
-912500
123836
904202
914645
588634
106337
281705
937524
382023
395332
614621
-971797
459419
766661
-144374
417315
482175
-168736
145606
921259
212726
-508919
-444324
747849
-126852
-368407
375238
-888075
164176
484071
632218
-471465
727842
-469044
-103436
272984
-144352
-83928
-464807
-710816
-952912
967894
545574
-225601
-780309
752586
-61049
-976755
-480779
-505322
-674129
455298
-103124
680646
265754
-634665
-451068
-132610
-312324
-877540
-436509
-274387
-227441
-673092
-859826
-221576
919955
-> 694342
150
(nil)
